1.532517007	1.3 1 transition_token
3.339319728	2.1 1 transition_token
13.056916100	1.4 2 speedup
17.248072562	1.1 1 sample_on
17.509297052	1.3 1 sample_off
17.765079365	1.2 3 sample_off
18.290068027	1.3 1 riser
19.622312925	1.3 1 speedup
20.108480726	2.1 4 reset_speed
20.902312925	1.4 1 speedup
21.324081633	1.4 3 reset_sample
21.942857143	2.1 1 speedup
22.987755102	2.2 1 speedup
23.514557823	1.1 1 speedup
24.037006803	2.3 1 speedup
24.668299320	1.2 1 speedup
25.073197279	2.4 1 speedup
26.370612245	1.1 1 reset
28.792743764	1.3 1 raise_volume
33.898231293	1.1 1 bass_boost
34.455510204	1.3 1 slowdown
34.999727891	1.4 2 slowdown
35.504761905	2.1 1 slowdown
35.992380952	1.2 1 reset
38.373877551	2.2 2 slowdown
41.312653061	2.3 2 speedup
42.287891156	2.4 3 sample_on
42.562176871	3.1 3 sample_off
43.332789116	3.3 1 sample_off
45.945034014	3.4 3 reset
52.719455782	2.2 1 speedup
54.504489796	4.1 2 speedup
56.877278912	4.3 3 speedup
56.903401361	4.4 1 slowdown
58.200816327	1.1 3 riser
58.422857143	1.1 1 sample_on
58.945306122	5.1 2 riser
59.489523810	1.3 1 sample_off
60.978503401	1.4 1 speedup
62.911564626	2.1 1 speedup
63.181496599	5.4 1 vocals_boost
64.095782313	5.3 1 speedup
68.183945578	5.2 2 transition
68.218775510	6.1 1 reset