8.116099773	2.1 1 reg_to_high
8.264852608	1.1 1 sample_on
9.904761905	1.2 1 sample_off
11.609977324	1.4 1 sample_off
14.476190476	2.4 1 speedup
14.911564626	2.2 1 speedup
15.506575964	2.3 1 speedup
16.130612245	3.1 1 transition
18.198639456	3.2 1 vocals_boost
19.678911565	3.4 1 speedup
20.132426304	5.2 1 riser
20.295691610	4.1 1 speedup
20.673015873	4.2 1 speedup
21.086621315	4.3 1 speedup
21.514739229	3.3 1 bass_boost
21.551020408	4.4 1 reset_speed
26.064399093	5.3 1 lower_volume
26.695691610	5.4 1 lower_volume
28.161451247	6.1 1 transition