1.746167800	1.1 2 raise_volume
3.630226757	1.3 3 vocals_boost
5.510136054	2.1 1 reset_filter
7.382222222	2.3 1 slowdown
9.256417234	3.1 2 speedup
9.256417234	3.1 1 slowdown
11.099501134	3.3 2 speedup
12.927324263	4.1 2 sample_on
14.854875283	4.3 1 danger
14.854875283	4.3 2 sample_off
17.689546485	5.2 1 sample_off
19.529206349	5.4 1 vocals_boost
22.396462585	6.3 3 speedup
23.272721088	6.4 1 slowdown
24.260090703	7.1 1 slowdown
25.213083900	7.2 1 slowdown
25.046000000    7.1 2 danger
27.036734694	7.4 1 riser   
28.005600907	8.1 1 speedup
28.914036281	8.2 2 slowdown
21.443061224	6.2 1 slowdown
29.893151927	8.3 1 slowdown
32.670090703	9.2 2 reset_speed
35.500136054	10.1 2 trophy
38.332766440	10.4 1 vocals_boost
39.200113379	11.1 2 lower_volume
41.120702948	11.3 1 lower_volume
42.993582766	12.1 1 speedup
43.940226757	12.2 2 raise_volume
45.761065760	12.4 1 speedup
46.739682540	13.1 1 raise_volume
48.611587302	13.3 2 riser
53.301360544	14.4 1 trophy
53.301360544	14.4 2 reset_speed
55.221836735	15.2 1 speedup
57.057414966	15.4 2 speedup
57.972517007	16.1 1 danger
58.901473923	16.2 1 speedup
59.872789116	16.3 2 danger
60.741678005	16.4 1 vocals_boost
62.691904762	17.2 2 riser
63.630997732	17.3 2 speedup
66.469659864	18.2 1 speedup
67.398321995	18.3 1 reset_filter
69.223356009	19.1 2 danger
71.140362812	19.3 1 slowdown
73.002539683	20.1 2 slowdown
74.894263039	20.3 1 vocals_boost
75.732335601	20.4 1 lower_volume
77.653015873	21.2 2 reset_filter
78.614739229	21.3 1 bass_boost
79.537369615	21.4 2 reset_speed
81.381111111	22.2 1 riser
85.184603175	23.2 2 trophy
88.009614512	24.1 1 danger
88.009614512	24.1 2 danger
88.009614512	24.1 3 danger
